3.691872949135342878e+02
3.629120462292556226e+02
3.475738144663288836e+02
3.262602444819413563e+02
3.048385206506203531e+02
2.904030571704490740e+02
2.864355226995778594e+02
2.903281869430688289e+02
2.967764493458475386e+02
3.023238520317526650e+02
3.062986920833304225e+02
3.090929419437131855e+02
3.103273033232585476e+02
3.086707991417324024e+02
3.029914790908797499e+02
2.937010307480369420e+02
2.832323760995666930e+02
2.746573051016254681e+02
2.698583406809991061e+02
2.696397167547854110e+02
2.739948577752077767e+02
2.813020641475537218e+02
2.893346161579584077e+02
2.968609362315673366e+02
3.033538818722968813e+02
3.084152260070075044e+02
3.119205345079843141e+02
3.140322934578579748e+02
3.146739540535837705e+02
3.133966285709813064e+02
3.100025238488466357e+02
3.051971152978009059e+02
3.004976445268184193e+02
2.969796514879093365e+02
2.940324881736592033e+02
2.901971452199758801e+02
2.853850403481201852e+02
2.816014086401476675e+02
2.814279588252944109e+02
2.858017581353510081e+02
2.929415680910210540e+02
2.996414048977516131e+02
3.035563357427880646e+02
3.042209127011217333e+02
3.026244200608717279e+02
3.001252923725091364e+02
2.976438685807400475e+02
2.955685339384153281e+02
2.941305214838068878e+02
2.936482704328652176e+02
