3.579597517072268575e+07
3.579954061964448541e+07
6.581340391499088281e+13
6.581340436837690625e+13
6.581341215539335938e+13
6.581341435347769531e+13
6.581341773824368750e+13
6.599756329840456250e+13
6.599758350926130469e+13
6.599758352601409375e+13
6.599758357860890625e+13
6.599758360048419531e+13
6.599758366454996094e+13
6.643582746730414844e+13
6.659322703850286719e+13
6.659322773583409375e+13
6.659326420439919531e+13
6.659326420447777344e+13
6.659326431367304688e+13
3.574719949148667500e+14
3.574752694706489375e+14
3.574752695208713125e+14
3.574753344248970625e+14
3.574753344828487500e+14
3.574753355304448750e+14
3.574753355395646875e+14
3.574753355395666250e+14
3.574803985553943750e+14
3.574803994315601250e+14
3.574803994315522500e+14
3.574803994982009375e+14
3.574805992265393750e+14
3.574806130432833750e+14
3.574806131236511875e+14
3.574806144397118750e+14
3.578748970774488125e+14
3.578757120008701875e+14
3.578757120008647500e+14
3.578757148083722500e+14
3.578757148105353125e+14
3.578757155458509375e+14
3.578890753546571875e+14
3.578890768615849375e+14
3.578890768703436250e+14
3.578895054577227500e+14
3.578895054602897500e+14
3.578895054602843750e+14
3.578895063893825000e+14
3.578896487481865000e+14
3.578896540279801875e+14
