1.569916466571707137e+00
1.423245231235981123e+00
1.248881400546067777e+00
1.073100953618070452e+00
9.173992178988861212e-01
7.953851422365580959e-01
7.119867582233906367e-01
6.595401187762417461e-01
6.203897181125191951e-01
5.808278126400840957e-01
5.401638091592485535e-01
5.034013485245089070e-01
4.692526499919028593e-01
4.378377582637504872e-01
4.250425867479656894e-01
4.402923726573676477e-01
4.634499573477739998e-01
4.688280648166489040e-01
4.481912602378754773e-01
4.037330965036998731e-01
3.376706010638328426e-01
2.600121133064931533e-01
1.990076348788810123e-01
1.883429259467852557e-01
2.222400084091962214e-01
2.557469654133568970e-01
2.643617693317455997e-01
2.658359438893330151e-01
2.856657134185752178e-01
3.181547413001428737e-01
3.487508266795938949e-01
3.757976835142738947e-01
3.995556098103707487e-01
4.245877966597465525e-01
4.575473315381778927e-01
4.984163287854087021e-01
5.471291764263437329e-01
6.078806680477597535e-01
6.764514989391419153e-01
7.323164335926098945e-01
7.462922273209748880e-01
7.007420045261154584e-01
6.174933586494598670e-01
5.545782065638438230e-01
5.498559799585709396e-01
5.926039955489693645e-01
6.576007047990866106e-01
7.274582771486708399e-01
7.870409965821790754e-01
8.177772809467047654e-01
8.033459431411831275e-01
7.411251573444664897e-01
6.464378611409955511e-01
5.408509992647969611e-01
4.383264710879365422e-01
3.493646135686687693e-01
2.858802026045150768e-01
2.573869978734518726e-01
2.631926865014269645e-01
2.837617289024951805e-01
2.928343538881144625e-01
2.819894726191897183e-01
2.589286789849535309e-01
2.327720107293027585e-01
2.091377181375231320e-01
1.965170141887096489e-01
2.118612606984788260e-01
2.637968681289336037e-01
3.350776288123381574e-01
3.977404955802395503e-01
4.396672748757037841e-01
4.688589285865667478e-01
4.952327662712023848e-01
5.165989718201887682e-01
5.227783007095770929e-01
5.029306262532373673e-01
4.534552045233760098e-01
3.829934022563279417e-01
3.015334334171207997e-01
2.177481758724499894e-01
1.531642810063310600e-01
1.338718184331563754e-01
1.664670790734634198e-01
2.325130387519547814e-01
3.036152417907467260e-01
3.595297972069602666e-01
3.944457000832604088e-01
4.120748974158819911e-01
4.249680344400504906e-01
4.509253639720515738e-01
4.934551377053472687e-01
5.328898962974638609e-01
5.402205760004439306e-01
4.981550456661464898e-01
4.223202737914056315e-01
3.607212304094644106e-01
3.484875721250648151e-01
3.788716545084650500e-01
4.214092339705310941e-01
4.441865573871215389e-01
4.341746181711402253e-01
3.930754909907133721e-01
3.262220818301392322e-01
2.451690911297258468e-01
1.736176477685568154e-01
1.334438655925739847e-01
1.097939202606466602e-01
5.667402598249349222e-02
-4.434876273182608575e-02
-1.420192642049838971e-01
-1.585107779593807331e-01
-9.000066882737711715e-02
1.448342435084171154e-02
1.230088408176028270e-01
2.238672859004273152e-01
3.119095843449115613e-01
3.828988131790234117e-01
4.326081200356450829e-01
4.547416341894831016e-01
4.438870265863720244e-01
4.081503897828884231e-01
3.742315545839113300e-01
3.723372185243909449e-01
4.144978149288300329e-01
4.858409256802860843e-01
5.494044243061855237e-01
5.708070190360214902e-01
5.392080529761543728e-01
4.654102441279187041e-01
3.743158314023915523e-01
2.964872101438402185e-01
2.566913911002262072e-01
2.643965924688667091e-01
3.106423471537015368e-01
3.756986266397709384e-01
4.425451967495772077e-01
4.981328371790407772e-01
5.232906784121488242e-01
4.986249623470440095e-01
4.311647358777570549e-01
3.648617998829926101e-01
3.473941365124217917e-01
3.832676015151796900e-01
4.359697930886921036e-01
4.708111416643883662e-01
4.758187922186926100e-01
4.523483011009745702e-01
4.025759616402390106e-01
3.331183872074373609e-01
2.654428090487872538e-01
2.254106153830489623e-01
2.211824471318104002e-01
2.339486251692516894e-01
2.297521040110359070e-01
1.869854381131237364e-01
1.130537504227535628e-01
3.168653239485336170e-02
-3.404151438123448337e-02
-6.307891448685021274e-02
-4.791077206059746185e-02
-8.917388913014301366e-03
2.103920561240757436e-02
2.757273277850302851e-02
1.853576468708761915e-02
-1.070758182449949025e-03
-3.321366110462264931e-02
-6.598719346888226589e-02
-6.676149962589328357e-02
-2.787469635782358068e-03
1.290892407788041263e-01
2.982735491954726093e-01
4.574127499793515517e-01
5.595470341965955718e-01
5.793420314859334397e-01
5.325459005988421035e-01
4.726251799270368981e-01
4.463419273377615681e-01
4.584573276732819558e-01
4.882740758178496510e-01
5.108621671458750679e-01
5.031052682420519284e-01
4.492864286342177493e-01
3.545550025642356662e-01
2.508900286468601082e-01
1.705206868275803700e-01
1.299780858890565161e-01
1.373723121008904591e-01
1.747932086172892530e-01
2.155625733113295528e-01
2.463386641658453780e-01
2.595553947031516429e-01
2.539854054416159634e-01
2.387922303994091111e-01
2.233441392495362776e-01
2.107312776184088188e-01
2.060733699943262942e-01
2.192128390072554667e-01
2.546459175964067567e-01
3.125332111655753087e-01
3.927548282938025936e-01
4.856933653357338732e-01
5.698295830156496766e-01
6.229109405724309045e-01
6.321518912511845389e-01
5.973145001805384435e-01
5.305544985494273780e-01
4.588734505015485965e-01
4.087802313313588787e-01
3.777976679755509215e-01
3.468617754891651916e-01
3.035920679437982272e-01
2.507412297947965718e-01
2.111238718167386952e-01
2.107346147286702776e-01
2.542964958252276753e-01
3.180461581167932650e-01
3.639862031323398694e-01
3.759111219034456663e-01
3.724330690453503401e-01
3.726256740438808057e-01
3.692493436764673342e-01
3.503847793861109006e-01
3.211885741391061755e-01
2.956319794646966037e-01
2.825587729751072863e-01
2.796491929133980148e-01
2.704348942600939276e-01
2.345621484825929914e-01
1.715093815733167437e-01
1.083656150110720584e-01
7.565699008629339639e-02
8.053972028842470987e-02
1.136129517936321776e-01
1.613680143470571093e-01
2.018286974060244932e-01
2.176100335421821130e-01
2.168425617240098413e-01
2.211187841273364874e-01
2.385879954630221178e-01
2.599144532773020599e-01
2.672857613959691570e-01
2.511976051349286143e-01
2.228458245518861180e-01
2.039764219645433529e-01
2.070306406303490387e-01
2.329397393567173569e-01
2.820420663786001869e-01
3.536313820531432062e-01
4.335935098310487179e-01
5.007509769076501360e-01
5.443580900016797841e-01
5.619989064852284333e-01
5.534668836424867511e-01
5.223737014498482933e-01
4.761837609404356297e-01
4.251178737075655967e-01
3.822732786177664988e-01
3.531197284032739359e-01
3.267915110020610525e-01
2.965293789801126123e-01
2.784632126416501374e-01
2.902932276166641512e-01
3.196593941498256930e-01
3.355530446646816656e-01
3.196811984432489373e-01
2.733561803675893520e-01
2.059070867831191420e-01
1.243610972977970408e-01
2.878073568670103111e-02
-8.439866985557331613e-02
-2.079395785441460198e-01
-3.128798871656197633e-01
-3.589609887071411598e-01
-3.211577873934912120e-01
-2.020513026009467250e-01
-2.781129341934240884e-02
1.519447043721848800e-01
2.783059377133801360e-01
3.198564640208761412e-01
2.940610268054273391e-01
2.497672052480655047e-01
2.239551260525532994e-01
2.229496758970127557e-01
2.367943009967377055e-01
2.498028159270479498e-01
2.552898354526710323e-01
2.638804896834225366e-01
2.903387126148598285e-01
3.348554885292509553e-01
3.788323412228737919e-01
3.955499340985125789e-01
3.704783060235485870e-01
3.187367756403797214e-01
2.726919322917937261e-01
2.529921457248842653e-01
2.621723101419802804e-01
2.907532062480533974e-01
3.219014533975819159e-01
3.427039834447520583e-01
3.566134178343507433e-01
3.836554409940912125e-01
4.297323244611683801e-01
4.717212298923572078e-01
4.897155393814315305e-01
4.784351312141364443e-01
4.373186488689752016e-01
3.867431854514784551e-01
3.734946461437000931e-01
4.029733464438001178e-01
4.262239160070902533e-01
4.200085881528071718e-01
4.019153219102645780e-01
3.879078449207729040e-01
3.751967456453949579e-01
3.586548238482131223e-01
3.368976955357829151e-01
3.068407981689710295e-01
2.665208593766928979e-01
2.259242142067293124e-01
2.092173038791157458e-01
2.303279869874624852e-01
2.740793731414741807e-01
3.165221605674141681e-01
3.482299500637824896e-01
3.715574646918798907e-01
3.877135608784167964e-01
3.930448742544230267e-01
3.833099344457147062e-01
3.590808858208918708e-01
3.304746620137386515e-01
3.111623301312709255e-01
3.046789294500611422e-01
3.085637996049507281e-01
3.191649235750113611e-01
3.272817990034028179e-01
3.174531901875078388e-01
2.790145213578836270e-01
2.210555554247552457e-01
1.649277179605159738e-01
1.176071494478475588e-01
7.299077597275638318e-02
3.322140138937035303e-02
1.134050692588495224e-02
1.364851353099172382e-02
2.816130149207685118e-02
4.656371697449990243e-02
7.225753457945460756e-02
1.048952218948435711e-01
1.389525022255154729e-01
1.754508948353724618e-01
2.312359342316827604e-01
3.255203950466343255e-01
4.497731109829835594e-01
5.654873511855021961e-01
6.321420891009259524e-01
6.361973927886419578e-01
6.017255353548164321e-01
5.644839520937754429e-01
5.398474888091356894e-01
5.242409938627050625e-01
5.168322555832797205e-01
5.311939127342283351e-01
5.832935671789112320e-01
6.607772601872426987e-01
7.222417704304742170e-01
7.376311967477124920e-01
7.058283181068578660e-01
6.399202228922742375e-01
5.533474302512507714e-01
4.665614892903710564e-01
4.147686916553888770e-01
3.877253555517856110e-01
3.379995644862454074e-01
2.588350823301885928e-01
1.789280315136032029e-01
1.393157478075500721e-01
1.760881648839584535e-01
2.833469709679620752e-01
3.982459627653516243e-01
4.629680153474512450e-01
4.671153913605283758e-01
4.345368490726915223e-01
3.976576296510896946e-01
3.779554388739054804e-01
3.767530719895283431e-01
3.870469951240714801e-01
4.117480427098917373e-01
4.581369037875003825e-01
5.264493280024284960e-01
6.038459059254204231e-01
6.660739053943716126e-01
6.987720427447716709e-01
7.203004672168989986e-01
7.616006765078131568e-01
8.221854230112000117e-01
8.745614816696556382e-01
9.036253206775202163e-01
9.172818609501394160e-01
9.298919636920299769e-01
9.473877044826064520e-01
9.594193890771104405e-01
9.401641349194826969e-01
8.749664968754220506e-01
7.798591738414193397e-01
6.871583138338847041e-01
6.195440496510857820e-01
5.744641892789795756e-01
5.304479022115767828e-01
4.642131012423098557e-01
3.620976696328938038e-01
2.270268043270622926e-01
8.328441375995532248e-02
-2.025525515906834162e-02
-2.545527185656581981e-02
7.574864635431732829e-02
2.209272500760514624e-01
3.386427024839226418e-01
3.903188592833766735e-01
3.858243284596878375e-01
3.653132121830642287e-01
3.515651686650791419e-01
3.400141512115435471e-01
3.233421703993402119e-01
3.179286318913373544e-01
3.490307819230489272e-01
4.003220826525617504e-01
4.400234431784299516e-01
4.643863062121662000e-01
4.838559518375017410e-01
4.982873835156375608e-01
4.926198835145900734e-01
4.517938378661540133e-01
3.752479760094053485e-01
2.918806792152000007e-01
2.513819450341745476e-01
2.522648089382447667e-01
2.370123734908468061e-01
1.801530140894307408e-01
1.133680778846568593e-01
8.876208810197105947e-02
1.261607854352159719e-01
1.980145272878221507e-01
2.665776325897686871e-01
3.121200806709427122e-01
3.334292161713235947e-01
3.402797369257951621e-01
3.420617228941673083e-01
3.452261689475338846e-01
3.580800893606363999e-01
3.790174657332859853e-01
3.870992228642843314e-01
3.629788712064028200e-01
3.097004152850099112e-01
2.441108049305953376e-01
1.813036347209647237e-01
1.341833591294791517e-01
1.100205138982221498e-01
1.052329560814190268e-01
1.136300604895090771e-01
1.307282694054449634e-01
1.495350906213788744e-01
1.657525933252286254e-01
1.840024289703366400e-01
2.099977050255935618e-01
2.380141752918432663e-01
2.550496685384201490e-01
2.558278335001418213e-01
2.470683507958469916e-01
2.445322653529292678e-01
2.660807936804369112e-01
3.142983985543151837e-01
3.699812475017117408e-01
4.098434562381244040e-01
4.229281066609307249e-01
4.225883214065829785e-01
4.450287855070564902e-01
5.177554378994374540e-01
6.362602395261947041e-01
7.664471214877750516e-01
8.638273899760369190e-01
9.000096871893999984e-01
8.692977489841089422e-01
7.711209588715965957e-01
6.077896697515592361e-01
3.997431859303951507e-01
1.929266601008875481e-01
5.615694012203870100e-02
4.485525686162045167e-02
1.466266767908208091e-01
2.922140993413274712e-01
4.052725751047847047e-01
4.394490206125999943e-01
3.959448723084554311e-01
3.167600921801898561e-01
2.535121076994071854e-01
2.336664079372490765e-01
2.530169200447808797e-01
2.926183852170295974e-01
3.370261902535203746e-01
3.797439739348348331e-01
