8.188068277888769231e-01
7.997338583845923221e-01
7.770605495098028559e-01
7.543381995774822713e-01
7.345602015692712650e-01
7.196669659103031025e-01
7.103550162898271125e-01
7.054841638842475060e-01
7.024757743659272302e-01
6.992691334947974680e-01
6.956463307295520648e-01
6.922117070928467397e-01
6.887966406850397627e-01
6.856021548031947521e-01
6.849924115323172691e-01
6.883241700793111262e-01
6.928233866196602531e-01
6.948362839390401779e-01
6.931531982880192455e-01
6.880476833875975862e-01
6.797909804560777758e-01
6.697746304368702441e-01
6.621467200764767913e-01
6.616976043963207488e-01
6.675270365466157152e-01
6.731904585631308668e-01
6.750245987305064643e-01
6.755120586722750398e-01
6.782115710051397350e-01
6.824553688951122687e-01
6.862377462097358771e-01
6.893066633760004391e-01
6.918525856609921698e-01
6.945504745949382386e-01
6.982821480552570126e-01
7.030551364921350244e-01
7.089030516546876992e-01
7.164263120659601913e-01
7.250483242101488646e-01
7.318031714989128300e-01
7.323977456056528501e-01
7.242877306908899193e-01
7.106998540192132063e-01
6.999106907032660585e-01
6.973609291727008719e-01
7.017002292313576639e-01
7.093975924412710965e-01
7.180764348236625683e-01
7.257242193488262494e-01
7.297688393318545463e-01
7.278885935352207293e-01
7.197427591476577291e-01
7.075727314242684640e-01
6.944744186396817343e-01
6.824362600641792342e-01
6.728000145982614422e-01
6.670349541099265256e-01
6.662614743097983183e-01
6.701032766969291510e-01
6.755301624006015970e-01
6.786971423243743917e-01
6.782948267433692724e-01
6.754055066848616562e-01
6.714010881229039995e-01
6.671816912753650852e-01
6.641481476369496262e-01
6.648761122486901431e-01
6.706698094801080146e-01
6.791383937252355452e-01
6.863453790424571821e-01
6.906437036375746574e-01
6.933246460251409893e-01
6.960018308757482952e-01
6.985483751066564606e-01
6.995393951611187378e-01
6.973533153355683245e-01
6.913649957327795414e-01
6.825480255839908583e-01
6.720339180790247946e-01
6.608890149330648445e-01
6.520091906682126126e-01
6.490477865856145723e-01
6.530054368601395653e-01
6.613152828878798850e-01
6.699631265360106447e-01
6.761033843793029519e-01
6.789516380332221157e-01
6.791738185331872568e-01
6.787700120836448470e-01
6.804232741055805667e-01
6.847631766525086316e-01
6.890377193604020345e-01
6.890294599725121927e-01
6.822483049560461588e-01
6.710749143599534783e-01
6.624721783339000414e-01
6.615940082859210758e-01
6.676324182693951226e-01
6.761351314025663140e-01
6.824840988066915859e-01
6.846777255694026509e-01
6.828286639012918213e-01
6.775738060659721729e-01
6.704537493642835910e-01
6.647649561352688696e-01
6.633807137558942468e-01
6.638796123877770405e-01
6.594347176516048847e-01
6.472742134858645580e-01
6.348251279351465604e-01
6.330208394474580169e-01
6.425633402663694094e-01
6.564656734173455188e-01
6.700599266956416278e-01
6.819495781362094888e-01
6.917898625779003163e-01
6.993075870784526415e-01
7.040893918776701677e-01
7.052750953741828699e-01
7.020675499091201255e-01
6.955859958769231577e-01
6.896298134127115675e-01
6.885418924812810593e-01
6.941268966283856701e-01
7.042769098388070859e-01
7.137591542323818983e-01
7.176819607743087914e-01
7.144201401361711667e-01
7.054274252960716085e-01
6.940947103746869518e-01
6.845393575293388100e-01
6.800608262035947593e-01
6.818382729887334515e-01
6.885346019481929369e-01
6.974172291051429218e-01
7.062133833094256241e-01
7.131984013664796063e-01
7.157641435028302412e-01
7.112784138735253059e-01
7.008549180351288932e-01
6.908502192951797571e-01
6.880628515739092288e-01
6.931300297497071661e-01
7.007964763394723962e-01
7.059356607285979246e-01
7.067217719886721428e-01
7.033076015673760395e-01
6.960187482427271366e-01
6.858925017408324942e-01
6.761055010222980499e-01
6.704922071919349191e-01
6.703185851915928195e-01
6.728785664861403060e-01
6.732493609324802231e-01
6.682702732754328689e-01
6.589306597397280862e-01
6.486012809338194129e-01
6.406457174568728208e-01
6.380390400681867913e-01
6.417325796302172369e-01
6.487246078818197370e-01
6.542809306619735699e-01
6.563010105750490819e-01
6.557734808525066406e-01
6.532990996887018120e-01
6.484580556995191980e-01
6.427968228080462865e-01
6.409516559065010499e-01
6.477160530320791310e-01
6.637876091714550730e-01
6.850427627079681558e-01
7.048440509813824750e-01
7.165860102476434568e-01
7.167401546213696406e-01
7.077133341236195863e-01
6.972160592208032082e-01
6.919847488596947427e-01
6.928797588148623010e-01
6.969814596125297745e-01
7.006697652995625969e-01
7.005332275398216124e-01
6.942439854366643237e-01
6.825205072324883604e-01
6.697792223128824496e-01
6.604544450760682084e-01
6.568381758636854251e-01
6.596828309565097026e-01
6.663219374373212656e-01
6.729295973710659462e-01
6.775324470221167905e-01
6.791368776612107805e-01
6.776815050198025103e-01
6.745040079736608352e-01
6.709819317475430589e-01
6.676294319288168522e-01
6.652219633171921886e-01
6.651699396171343315e-01
6.682319950440844813e-01
6.745868508816739162e-01
6.842979857777008457e-01
6.960585002566908042e-01
7.068606686142629991e-01
7.135313174697645033e-01
7.142476699179508559e-01
7.089922858028280261e-01
6.996173344270620875e-01
6.900903385485276376e-01
6.840857767910325515e-01
6.811308160605518136e-01
6.781788985238307310e-01
6.730960179475807825e-01
6.661947490827625495e-01
6.608129533625733965e-01
6.608565195211959509e-01
6.671958289517391227e-01
6.764421457212569377e-01
6.831877823942630323e-01
6.851804353241873757e-01
6.851399504313945288e-01
6.858409202255518755e-01
6.863519095764412103e-01
6.849178995473171883e-01
6.821080599547857393e-01
6.798293166532481946e-01
6.793277360619767169e-01
6.802175249564728077e-01
6.800842566495877151e-01
6.760114374509436086e-01
6.679391111118008206e-01
6.597268513025046355e-01
6.557065096107013158e-01
6.569382228648806832e-01
6.620632013594894838e-01
6.690001677435730709e-01
6.745733186482458787e-01
6.764145996664725491e-01
6.758178951974777027e-01
6.760205337875223597e-01
6.783475413045207958e-01
6.814238557007805674e-01
6.825467297709613135e-01
6.801915455165673530e-01
6.758236303718706539e-01
6.724697009092774902e-01
6.719473325214007087e-01
6.745102067274758584e-01
6.803432436113804327e-01
6.894179779689205700e-01
6.998364471664896280e-01
7.087045958011306546e-01
7.144885114764072398e-01
7.168422824908484703e-01
7.157328003603965483e-01
7.115970283280986797e-01
7.054246701765021221e-01
6.986901170501573777e-01
6.932838389022779602e-01
6.899499574273988411e-01
6.871755028089761019e-01
6.840505770993976498e-01
6.828959240203780201e-01
6.862116436017069443e-01
6.922409671542658627e-01
6.964787933528832076e-01
6.961371909813089953e-01
6.913118654103626026e-01
6.833624434718506002e-01
6.733354611837402137e-01
6.612133959072792333e-01
6.463844763339156030e-01
6.297209452367407145e-01
6.152026632493812208e-01
6.084379596468487694e-01
6.129795150450944030e-01
6.285576944573285640e-01
6.515190462475549671e-01
6.749119330539081751e-01
6.905575295173459471e-01
6.941996881698995203e-01
6.885466058334711592e-01
6.806834208403473863e-01
6.759404067470098365e-01
6.752181379916067927e-01
6.768844069825843413e-01
6.785875327321394535e-01
6.793789993302388197e-01
6.808445127693707466e-01
6.851840612132521491e-01
6.924259166106612184e-01
6.997320079157719475e-01
7.030001603537446853e-01
6.999533712354120141e-01
6.926237820367306952e-01
6.855808592749924602e-01
6.818542315377652541e-01
6.819225354179583309e-01
6.845360967115939888e-01
6.874442866359297133e-01
6.889985738220706368e-01
6.899765411608991261e-01
6.933577888310983317e-01
6.999765280468458473e-01
7.065667412340380649e-01
7.100456978141609365e-01
7.093078260294859438e-01
7.041292967058496721e-01
6.975475779844035884e-01
6.960486626274002830e-01
7.002636527941379363e-01
7.033731602709716313e-01
7.019483610913792582e-01
6.985013811320445187e-01
6.954905669462813078e-01
6.926938935026671906e-01
6.894047557941896942e-01
6.854367250196271577e-01
6.804062288719099350e-01
6.740924012273535881e-01
6.680229320595254539e-01
6.656386872342558991e-01
6.688039779327892287e-01
6.752135547062986243e-01
6.812409536201556870e-01
6.853865172140882756e-01
6.879829818785813123e-01
6.893152371491845232e-01
6.889799348524736633e-01
6.864663750816877297e-01
6.819951052469718222e-01
6.771753078422427796e-01
6.740492841681779979e-01
6.732181502373255633e-01
6.742952119702901870e-01
6.766783803227132132e-01
6.790092500241974305e-01
6.790652966394256085e-01
6.753610839699696333e-01
6.692090142835224187e-01
6.635160412871067281e-01
6.591137727285474313e-01
6.549400127180179387e-01
6.510893186529163046e-01
6.492854159325408547e-01
6.502715432471071200e-01
6.523592516267116004e-01
6.543428195892774246e-01
6.566840092988198707e-01
6.594156879289508888e-01
6.618236155998374892e-01
6.641720559453320183e-01
6.690173061404558474e-01
6.792078105638251762e-01
6.936594853043631659e-01
7.069586904273735817e-01
7.133476970500458592e-01
7.110020221823813991e-01
7.034260324296822686e-01
6.957487890504854278e-01
6.901820690547545434e-01
6.861553032026171950e-01
6.834937957734212866e-01
6.842119959027201936e-01
6.906518765126878900e-01
7.011442554503367619e-01
7.099578498949596916e-01
7.128406272018534828e-01
7.096320087866995197e-01
7.021881972960916096e-01
6.923405700487094139e-01
6.830843645884639992e-01
6.790332403643413173e-01
6.784195747766164075e-01
6.743848132934895379e-01
6.654974025459089448e-01
6.557613609195773741e-01
6.511398511065105144e-01
6.568112397944221303e-01
6.718639116649568477e-01
6.875919715088347761e-01
6.958475160616309774e-01
6.952308335924919369e-01
6.893594800638799258e-01
6.830400304716001125e-01
6.793429868165166141e-01
6.783238368372682681e-01
6.788152012176857930e-01
6.809685566464154238e-01
6.856766494019180813e-01
6.929356830638824238e-01
7.009307376152095204e-01
7.063487333893462283e-01
7.075026452429353796e-01
7.073904084033574291e-01
7.106712683125713248e-01
7.174521724761552255e-01
7.238475737825090794e-01
7.275552818634078989e-01
7.295965732138909310e-01
7.320225204910246752e-01
7.356578947649728972e-01
7.388646661270619198e-01
7.378802206504077033e-01
7.305644530899368938e-01
7.191455222141173165e-01
7.082503303031054687e-01
7.010991857452094633e-01
6.972996695878321827e-01
6.937039075807954758e-01
6.868109205484957958e-01
6.744761936632844845e-01
6.569016889194273512e-01
6.374507812666454498e-01
6.232158540392203072e-01
6.225414714935422200e-01
6.366235385752224696e-01
6.567630076676466144e-01
6.726824168625663569e-01
6.790096038477975160e-01
6.774356717176573950e-01
6.737868983681924995e-01
6.713580387120412496e-01
6.693651543978436091e-01
6.666865227979765773e-01
6.657216286185102527e-01
6.698920565371724312e-01
6.769927357456656525e-01
6.825322856205554567e-01
6.858865782860839033e-01
6.886580196080236416e-01
6.909995808993069089e-01
6.908931237063127284e-01
6.861428371309025165e-01
6.765946172231270817e-01
6.664509262273655699e-01
6.624987126581673991e-01
6.642193237436252451e-01
6.633268719211135034e-01
6.559047333792424883e-01
6.465499412638843202e-01
6.429158182329413052e-01
6.479892473717948631e-01
6.579968292655457018e-01
6.675910976554574328e-01
6.740028531409999468e-01
6.771978653926528091e-01
6.786156633998559062e-01
6.795571395330542996e-01
6.808916307484822461e-01
6.836533278631781174e-01
6.874534023872393984e-01
6.893084430452574018e-01
6.865366106404543478e-01
6.796312182554143932e-01
6.710152877806389027e-01
6.628393071328995134e-01
6.567947535583280594e-01
6.537213335863404362e-01
6.530350117150021116e-01
6.538591090326409949e-01
6.555754896603328552e-01
6.572946826069043791e-01
6.585191130276578653e-01
6.599667477971719043e-01
6.624739948432162295e-01
6.652478972327984241e-01
6.664649676216958252e-01
6.653558985584072660e-01
6.629123860330584650e-01
6.614899517916762450e-01
6.636449711839891297e-01
6.696328228681146522e-01
6.765709901746884691e-01
6.809411536523746200e-01
6.811437731809998342e-01
6.792857648483913158e-01
6.807519071192545956e-01
6.897461006958606200e-01
7.058326131436508666e-01
7.242042223185298777e-01
7.385704157981320961e-01
7.449186781098148247e-01
7.423255871143327189e-01
7.305520530326640172e-01
7.096773891981258409e-01
6.823214584707379959e-01
6.549677703874990931e-01
6.375193898655936442e-01
6.378269640888879488e-01
6.542123350845830965e-01
6.767907621351630931e-01
6.946016405377056779e-01
7.010738167829217993e-01
6.965153849266202402e-01
6.870235401088319316e-01
6.799472749072770217e-01
6.791083534445889747e-01
6.837382590025730122e-01
6.909780893833913362e-01
6.986062285057215160e-01
7.058149604089863915e-01
